137
149
130
171
54
102
134
210
119
84
209
219
193
162
210
5
70
13
122
104
165
240
41
213
61
21
76
31
14
52
124
14
3
219
87
166
81
179
176
247
228
197
231
99
235
160
148
7
167
197
165
136
65
10
3
86
143
1
74
192
160
245
174
188
78
87
190
197
161
175
30
251
132
162
190
76
173
41
21
85
223
105
180
189
145
27
128
160
81
95
92
178
23
84
162
213
247
9
158
136
45
106
71
90
119
40
92
57
136
80
80
90
69
18
21
135
242
89
94
4
42
7
244
145
2
190
158
116
34
220
37
229
122
180
213
14
218
87
41
92
22
197
107
225
107
181
27
9
88
3
169
160
98
211
38
166
139
41
155
74
212
145
6
16
97
218
123
192
124
206
229
97
113
139
123
143
191
122
236
230
157
243
33
222
170
60
91
226
60
106
53
199
70
205
33
246
86
51
68
210
29
0
137
201
75
9
66
71
41
6
58
122
47
255
121
13
98
66
186
143
245
20
192
132
255
200
26
172
164
41
110
101
62
152
201
49
103
168
59
69
29
123
128
218
136
102
61
31
249
103
142
240
239
226
119
145
130
125
101
241
71
122
85
15
20
166
154
19
141
15
107
146
156
129
239
108
111
83
229
154
21
14
212
255
211
89
85
134
222
3
204
150
242
215
204
255
120
126
255
128
32
68
222
31
98
88
74
141
137
100
70
175
238
85
201
109
63
40
180
75
54
144
8
52
230
78
111
155
181
37
11
232
10
6
212
178
135
186
223
230
32
32
62
206
173
142
240
5
154
117
0
49
164
86
30
101
135
43
228
25
128
13
91
36
154
245
253
196
114
251
14
96
211
110
230
135
18
199
153
62
138
32
13
212
1
157
229
175
190
136
212
224
5
240
246
135
90
85
80
188
113
63
158
250
35
136
21
80
72
91
216
187
2
153
235
22
12
70
155
121
221
186
155
224
243
28
134
231
72
231
80
168
92
139
211
5
47
6
193
216
31
48
54
238
59
168
204
169
63
42
246
183
223
0
181
1
34
31
184
11
94
18
39
118
245
122
193
208
103
79
93
19
65
42
81
43
67
0
116
213
129
30
239
8
48
252
110
5
120
60
250
149
166
9
96
12
100
207
85
134
122
154
169
6
95
82
199
74
183
220
230
147
101
252
225
134
131
96
197
71
125
180
81
173
38
171
227
235
35
19
171
55
48
110
240
142
45
55
49
67
142
234
233
175
46
210
88
85
32
181
116
182
218
209
66
212
106
26
139
156
74
173
76
40
7
117
182
207
243
56
111
144
140
30
169
11
100
176
202
192
105
195
88
4
80
98
88
63
41
153
150
91
249
142
162
250
192
225
38
23
52
117
23
132
119
236
190
0
143
172
246
26
111
83
195
204
60
219
245
89
139
179
213
60
178
109
95
147
158
105
246
152
182
176
231
95
15
187
5
96
15
33
15
104
37
121
106
72
230
55
246
106
141
248
94
187
162
138
61
201
235
85
216
147
4
176
216
244
64
82
98
30
83
171
241
213
98
16
249
156
204
202
197
104
102
89
115
168
237
177
66
99
10
34
141
127
135
132
218
18
33
72
95
78
224
236
115
173
219
177
114
82
144
234
59
22
185
134
1
142
9
24
74
3
219
186
21
171
232
235
230
65
165
141
203
22
145
67
249
81
105
143
251
9
232
107
171
181
86
30
165
69
57
2
89
52
156
184
134
4
54
75
161
165
93
228
225
175
109
80
155
59
71
39
223
198
15
160
142
167
215
204
16
117
244
94
234
148
171
106
132
56
25
144
22
39
33
198
70
157
39
215
234
126
65
88
24
191
139
17
204
134
85
187
212
134
98
64
12
131
9
76
2
161
18
245
167
142
246
67
94
215
62
42
164
166
25
173
142
167
31
84
137
56
166
122
65
146
53
120
222
58
45
71
111
225
126
213
41
155
40
179
157
246
141
175
98
234
76
182
200
97
106
190
151
238
210
103
229
161
100
130
13
255
26
200
86
204
210
146
99
99
103
242
0
167
230
216
39
185
227
230
85
28
184
72
174
15
180
177
235
160
139
78
117
165
248
197
168
157
11
45
194
1
237
157
17
233
127
50
166
62
174
156
142
235
91
149
23
112
166
41
9
112
149
76
113
6
3
208
160
103
248
158
145
171
124
6
199
144
150
35
174
129
62
241
70
187
253
88
63
189
140
125
247
112
203
140
27
62
46
71
79
218
179
159
160
219
18
115
116
163
178
13
44
243
177
85
27
12
184
95
117
19
155
165
39
144
210
64
50
13
73
221
77
100
119
77
16
231
195
185
86
167
31
115
198
11
186
185
42
221
62
114
125
187
73
166
220
242
151
13
166
91
175
2
23
27
80
67
44
57
199
136
212
242
249
175
96
68
150
238
154
112
250
248
247
76
183
138
62
16
150
168
116
30
29
194
240
238
213
137
212
181
84
192
7
163
95
78
128
44
255
132
253
177
179
39
217
76
145
139
123
201
178
45
168
96
109
248
134
41
94
42
16
102
85
198
127
249
17
197
142
175
253
65
160
161
196
173
79
56
155
20
143
198
225
230
67
46
223
77
246
110
139
123
102
23
15
156
225
78
196
239
218
160
92
146
41
24
225
40
126
202
50
168
18
198
76
222
124
194
114
220
147
216
208
169
97
168
177
31
162
97
244
120
43
216
200
255
15
235
50
91
1
142
200
72
218
162
43
201
107
100
211
58
151
98
208
146
177
36
28
46
51
70
95
70
140
226
222
201
3
169
143
35
206
228
102
28
12
150
232
32
173
233
68
212
177
47
122
62
169
190
95
70
42
190
24
226
47
225
55
12
37
69
211
203
23
62
104
191
21
0
104
88
21
171
207
50
209
254
62
66
55
69
170
131
220
121
17
125
109
39
52
128
149
152
200
167
51
2
21
105
192
105
219
164
142
11
127
161
25
45
50
24
225
54
252
197
118
12
62
206
225
166
174
148
158
50
119
209
157
71
131
188
131
220
100
38
117
35
138
215
223
35
43
214
94
36
192
110
119
72
163
201
153
42
170
62
19
142
129
4
64
133
67
54
70
88
221
53
212
199
29
156
80
229
122
171
234
50
130
36
244
153
146
66
32
139
93
141
149
70
70
219
229
78
45
12
23
132
169
9
164
239
102
74
139
38
230
104
74
79
234
0
24
15
196
186
15
98
91
39
45
244
129
239
164
142
87
182
170
34
243
64
145
104
9
249
96
237
221
41
42
37
116
123
208
94
10
240
235
28
202
5
96
203
225
164
46
149
67
196
92
33
239
26
171
15
176
34
47
53
228
108
22
157
121
114
47
40
182
85
115
165
107
140
59
178
203
72
7
52
210
253
183
218
227
219
139
119
0
158
12
0
141
192
97
100
52
79
106
89
218
4
156
14
248
83
188
175
146
110
141
7
214
142
68
245
205
164
112
63
149
213
134
43
34
140
36
71
58
150
244
103
208
168
101
171
118
64
123
134
167
217
52
252
204
31
61
247
116
240
194
162
2
147
11
181
70
84
76
163
89
220
80
91
66
30
103
174
18
122
207
177
192
116
214
77
195
152
201
254
136
117
39
84
29
55
85
28
53
180
135
86
93
42
200
42